Pions, Jun2011, 40, 630126, 2728.6, 20.7425, 572.064, 0.471137, 65.8024, 0.559153
Pions_Corrected, Jun2011, 40, 630126, 1972.19, 15.1837, 758.352, 0.64922, 89.6048, 0.780114
Pions, Jun2011, 40, 630129, 3627.17, 23.1745, 591.513, 0.419832, 69.5962, 0.49614
Pions_Corrected, Jun2011, 40, 630129, 2606.78, 17.1698, 788.461, 0.615111, 95.0596, 0.773116
Pions, Jun2011, 40, 630130, 1081.5, 13.0384, 593.449, 0.842171, 69.6293, 1.04504
Pions_Corrected, Jun2011, 40, 630130, 770.659, 9.26152, 791.037, 1.08204, 94.8668, 1.31986
Pions, Jun2011, 40, 630131, 1094.4, 13.0612, 587.594, 0.788113, 68.204, 0.968706
Pions_Corrected, Jun2011, 40, 630131, 783.15, 9.49086, 783.269, 1.08999, 93.3965, 1.35807
Pions, Jun2011, 40, 630133, 2267.85, 19.2837, 576.815, 0.558771, 67.0688, 0.718826
Pions_Corrected, Jun2011, 40, 630133, 1646.47, 13.7914, 766.055, 0.72302, 90.6922, 0.870704
Pions, Jun2011, 40, 630134, 981.525, 12.688, 575.414, 0.828574, 65.89, 1.04164
Pions_Corrected, Jun2011, 40, 630134, 695.126, 8.97384, 764.198, 1.17992, 94.3082, 1.50521
Pions, Jun2011, 50, 630137, 1806.4, 16.8226, 715.506, 0.71142, 80.4035, 0.862332
Pions_Corrected, Jun2011, 50, 630137, 1279.86, 11.994, 963.092, 0.980758, 111.615, 1.17895
Pions, Jun2011, 50, 630138, 1451.14, 14.7244, 721.613, 0.802746, 84.1297, 0.964862
Pions_Corrected, Jun2011, 50, 630138, 1019, 10.6186, 976.81, 1.17265, 117.056, 1.46903
Pions, Jun2011, 50, 630139, 449.514, 8.22503, 749.605, 1.45905, 84.7868, 1.78379
Pions_Corrected, Jun2011, 50, 630139, 318.847, 5.91419, 1018.23, 2.05333, 117.576, 2.5264
Pions, Jun2011, 50, 630141, 1484.7, 14.4658, 744.654, 0.827196, 89.751, 1.00774
Pions_Corrected, Jun2011, 50, 630141, 1053.87, 10.5886, 1013.31, 1.17708, 121.953, 1.47735
Pions, Jun2011, 50, 630142, 855.997, 11.2181, 742.865, 1.08892, 86.3065, 1.33297
Pions_Corrected, Jun2011, 50, 630142, 606.473, 8.12055, 1009.75, 1.51597, 118.956, 1.87332
Pions, Jun2011, 50, 630144, 675.043, 10.5419, 736.103, 1.29584, 83.4785, 1.75297
Pions_Corrected, Jun2011, 50, 630144, 472.107, 7.15001, 997.905, 1.66357, 117.089, 2.01889
Pions, Jun2011, 50, 630145, 832.193, 11.1027, 744.797, 1.08439, 84.8646, 1.29684
Pions_Corrected, Jun2011, 50, 630145, 584.345, 7.91352, 1012.06, 1.52943, 119.06, 1.87581
Pions, Jun2011, 60, 630146, 893.638, 12.1816, 896.836, 1.35272, 103.211, 1.67478
Pions_Corrected, Jun2011, 60, 630146, 611.953, 8.30552, 1231.7, 1.89385, 148.691, 2.26997
Pions, Jun2011, 60, 630147, 654.945, 10.205, 906.827, 1.73429, 112.826, 2.23411
Pions_Corrected, Jun2011, 60, 630147, 462.744, 7.2057, 1247.91, 2.1629, 152.054, 2.63445
Pions, Jun2011, 60, 630148, 854.08, 11.334, 916.956, 1.49938, 118.09, 1.93719
Pions_Corrected, Jun2011, 60, 630148, 594.332, 8.03477, 1266.13, 2.06152, 160.959, 2.60994
Pions, Jun2011, 60, 630152, 428.941, 8.69418, 839.541, 2.03583, 101.626, 2.65962
Pions_Corrected, Jun2011, 60, 630152, 306.416, 6.21369, 1141.94, 2.74797, 138.708, 3.48122
Pions, Jun2011, 60, 630153, 832.597, 11.9038, 842.827, 1.32206, 99.1383, 1.59862
Pions_Corrected, Jun2011, 60, 630153, 594.225, 8.70352, 1150.37, 1.88756, 135.139, 2.35378
Pions, Jun2011, 60, 630154, 2633.79, 21.2167, 860.423, 0.745331, 99.3152, 0.907184
Pions_Corrected, Jun2011, 60, 630154, 1882.65, 15.2403, 1178, 1.01773, 134.985, 1.21088
Pions, Jun2011, 120, 630161, 1370.67, 13.8743, 1467.42, 1.66887, 170.453, 2.0422
Pions_Corrected, Jun2011, 120, 630161, 1035.04, 10.6552, 2111.21, 2.08409, 216.868, 2.52739
Pions, Jun2011, 120, 630163, 1737.14, 15.7534, 1467.78, 1.51917, 173.368, 1.93225
Pions_Corrected, Jun2011, 120, 630163, 1329.46, 12.249, 2104.73, 1.91935, 215.927, 2.39023
Pions, Jun2011, 120, 630164, 163.388, 5.00574, 1531.7, 4.9914, 163.89, 6.593
Pions_Corrected, Jun2011, 120, 630164, 122.727, 3.79808, 2216.65, 6.32106, 206.881, 8.02347
Pions, Jun2011, 120, 630165, 408.658, 7.52833, 1531.29, 3.077, 178.111, 3.90529
Pions_Corrected, Jun2011, 120, 630165, 302.146, 5.54464, 2216.27, 3.93634, 231.378, 4.72042
Pions, Jun2011, 120, 630167, 738.402, 10.0031, 1562.28, 2.27572, 176.925, 2.79079
Pions_Corrected, Jun2011, 120, 630167, 536.225, 7.47578, 2275.29, 3.2432, 238.456, 4.1309
Pions, Jun2011, 120, 630168, 1786.14, 15.4273, 1538.21, 1.53112, 181.913, 1.90311
Pions_Corrected, Jun2011, 120, 630168, 1311.75, 11.5382, 2228.85, 1.98926, 234.882, 2.46393
Pions, Jun2011, 120, 630169, 250.436, 5.94949, 1535.67, 4.79358, 187.841, 6.69492
Pions_Corrected, Jun2011, 120, 630169, 189.485, 4.83298, 2219.63, 6.06294, 224.652, 8.99887
Pions, Jun2011, 120, 630170, 1708.9, 14.728, 1528.92, 1.66449, 195.241, 2.1187
Pions_Corrected, Jun2011, 120, 630170, 1265.16, 11.1878, 2218.09, 2.08248, 245.271, 2.61057
Pions, Jun2011, 120, 630171, 359.953, 6.50528, 1526.48, 3.51915, 204.469, 4.32683
Pions_Corrected, Jun2011, 120, 630171, 263.076, 4.94693, 2214.87, 4.60695, 258.617, 5.70065
Pions, Jun2011, 32, 630172, 922.228, 11.7494, 510.406, 0.765158, 63.1549, 0.952624
Pions_Corrected, Jun2011, 32, 630172, 669.763, 8.64928, 675.157, 1.05669, 85.3969, 1.32522
Pions, Jun2011, 32, 630173, 1355, 12.8086, 528.65, 0.717182, 77.9167, 0.883248
Pions_Corrected, Jun2011, 32, 630173, 961.918, 9.20051, 699.739, 0.945723, 105.883, 1.14757
Pions, Jun2011, 32, 630175, 2066.36, 16.1149, 549.48, 0.562527, 74.5164, 0.693475
Pions_Corrected, Jun2011, 32, 630175, 1432.95, 11.3314, 735.566, 0.797742, 106.054, 0.997061
Pions, Jun2011, 32, 630176, 522.489, 8.16054, 545.088, 1.07161, 72.5733, 1.29512
Pions_Corrected, Jun2011, 32, 630176, 356.669, 5.73533, 728.341, 1.63252, 104.626, 2.07068
Pions, Jun2011, 32, 630177, 1435.62, 13.7973, 506.27, 0.679099, 72.8879, 0.869765
Pions_Corrected, Jun2011, 32, 630177, 995.797, 9.64715, 672.35, 0.994569, 104.239, 1.29041
Pions, Jun2011, 16, 630185, 2209.85, 16.4095, 257.092, 0.299312, 42.3241, 0.371588
Pions_Corrected, Jun2011, 16, 630185, 1570.38, 11.7631, 318.768, 0.430943, 59.3643, 0.546598
Pions, Jun2011, 16, 630186, 788.617, 9.81643, 257.088, 0.499353, 42.2479, 0.620621
Pions_Corrected, Jun2011, 16, 630186, 559.287, 6.97083, 318.643, 0.698327, 59.1631, 0.86229

